      1 1505233
      1 1508535
      1 1544799
      1 1617890
      1 1643683
      1 1663425
      1 1676649
      1 1755823
      1 1804992
      1 186332
      1 1906150
      1 1906152
      1 1955042
      1 2109260
      1 2315420
      1 2494207
      1 2508939
      1 2599631
      1 2682226
      1 2698803
      1 2703812
      1 order
      2 1313208
      2 1643687
      2 1860137
      2 1934945
      2 2202723
      2 2493627
      2 2495578
      2 2497644
      2 471822
      2 485256
      2 588674
      3 1747768
      3 1748771
      3 1783344
      3 1921567
      3 1968909
      3 2211217
      3 307595
      3 908621
      4 1154584
      4 1382929
      4 1553901
      4 189772
      4 2066490
      4 2152897
      4 2507543
      4 2545689
      4 2562241
      4 2597219
      4 68985
      4 768667
      5 189769
      5 2483366
      5 2495577
      5 85001
      6 1769716
      6 1836787
      6 2024973
      6 278081
      7 1812916
      7 1890443
      7 1890505
      7 2498707
      7 414714
      7 693072
      8 1890940
      8 2138246
      8 278082
      8 570264
      9 1643684
      9 685948
     10 597358
     10 84996
     11 2705056
     11 588814
     12 1442155
     12 1803398
     12 2691356
     12 453227
     12 510684
     13 1485951
     13 203487
     14 1915414
     14 213113
     14 235899
     14 622450
     14 717963
     15 1495647
     15 189776
     15 1921782
     15 205948
     15 580371
     16 1779134
     16 1962852
     16 255473
     16 362534
     18 1853224
     18 52604
     18 742030
     19 85014
     20 1191478
     20 135615
     21 1217098
     22 622452
     23 191393
     24 475963
     26 1077263
     27 388448
     29 1692040
     29 2039638
     29 2182
     29 2691355
     30 1921002
     31 574975
     31 871006
     32 32064
     33 1643947
     34 641854
     35 1033996
     35 1803511
     36 1906119
     39 1643946
     41 415001
     42 1963360
     43 1293499
     43 1775403
     44 119069
     47 588673
     48 188710
     51 225057
     52 1127829
     52 191411
     52 795748
     59 1202465
     64 2024979
     64 32069
     67 2231
     72 85013
     73 596497
     74 1100069
     83 2691354
     85 2258
     86 1643682
     87 114380
     89 2266
     91 1936988
     92 53433
     93 219686
     98 186328
     99 1643686
    101 332160
    104 415000
    111 213481
    115 31932
    116 118964
    116 1644060
    118 2301
    119 218872
    120 2419
    124 1240482
    124 1970189
    127 1235850
    128 68933
    133 666506
    143 186329
    144 649776
    150 1843488
    151 2281
    168 69541
    171 1853223
    182 2191
    186 135618
    188 68295
    191 1737405
    197 206389
    203 292629
    204 1643822
    205 213462
    209 1150
    214 1389450
    219 909929
    223 1644055
    242 189778
    242 85012
    249 2235
    263 1118
    265 213115
    268 1161
    279 204458
    290 1853229
    300 203491
    301 112
    301 204433
    315 29
    322 1843489
    326 94695
    342 85010
    360 85008
    366 213118
    368 2158
    376 2037
    398 1706369
    427 200666
    430 133814
    431 51291
    454 32003
    471 135613
    573 135624
    575 768507
    601 48461
    648 84993
    675 1643688
    799 85009
    846 135619
    880 136
    917 2085
    930 84999
    991 526525
   1086 204441
   1210 118969
   1223 72273
   1244 204457
   1358 135622
   1485 1890424
   1614 766
   1959 135625
   1976 85011
   2185 85004
   2282 204455
   2584 85006
   2716 54526
   2921 135614
   3062 200644
   3269 206351
   4906 135623
   6069 356
   6661 171549
   7690 80840
  11927 85007
  13371 186802
  17971 72274
  25078 0
  38345 186826
  53962 213849
  59327 1385
 354081 91347
