10
1000999
100175
1004300
1004301
1004303
1005038
1005722
1007
1007082
100715
1008195
100883
101
1011
101191
1013
1016
1017183
1017280
1021
102106
102115
102231
102234
1023
1029631
1030
1031282
1032526
1033
1036132
1041
104175
104204
1042323
1042325
104264
104267
1047
1048752
1048757
1049006
105
1051
1051666
1051667
1054211
1055323
1055688
1055692
105591
1056
105850
1060
106146
1064
106589
106591
106633
1068
1068904
1069494
107
1070
1070314
1073
1073531
1073986
1073987
1074468
1075397
1075398
1076727
1077265
1077886
1078767
1078860
1078904
1079057
1079922
1080193
1080709
1081
1082702
1082930
1084558
1085622
1091
1091044
109168
109169
109262
109326
109471
1096776
1097465
1097466
1099
1100891
1101
110103
1107
110932
110934
1111
111142
1114981
111500
111782
111830
1119
112008
112040
1120752
1121
1121251
1121253
1121254
1121829
1122284
1123
1123044
1123967
1124625
1125
1125862
1129
112902
1129704
112987
113
1132027
113286
1133570
1134403
1137960
114185
1141978
1142
114248
1143004
1145345
114627
1146845
1146865
1148150
1148163
1148783
1150774
1152
1154
1154586
1155385
115543
1155738
1155934
1156392
1156568
115780
1158
1158296
1158982
1159323
1159909
116071
1160973
1161125
1161127
1163
1164863
1164882
1165076
1167830
1170227
117156
1172191
1175
117563
1176327
1177
117999
118
118004
1182780
1184396
1184606
1185408
1185872
1186
1187078
118747
1187887
1188227
118966
1190
119044
1191175
1191515
1193324
1193503
1193515
119541
1195526
1195766
1197472
1198
119977
119979
120212
1203
120376
1204360
1205
120652
1206748
1207070
120831
1209327
120961
1209946
1209988
1210119
121038
1211036
1213720
1214
1215913
1217101
1217414
1217415
1217416
1218
121820
121871
1218803
1221209
1221880
1222
122277
1223303
1223423
1227
1229970
123
1230698
1231242
1232
1233054
1233426
123375
1234
1234545
1234605
1236218
1236988
1237
1237104
1241326
124224
1243
1245590
1246635
1249016
1249554
125216
125287
1253
1254401
1255275
1257
1258570
1259734
1263
1263978
1265508
1265689
1266
1266053
1268272
1269
1269031
1269048
1269201
127
1270155
1273095
1273155
1274351
1274363
1274401
127457
1276290
1278221
1279
1279384
1279388
1283313
1284657
1287916
1288026
129001
12914
1291539
12916
129337
1294511
1295327
1295378
129577
12960
1297562
1298
129957
13
1301
1301080
1302410
1302778
13034
1303912
13075
130795
131079
1313115
13134
1314700
13159
1321364
1324129
13242
132605
132607
1326739
13275
1329200
133
1330545
1330546
1330547
1331051
1331730
1331737
133193
1332112
133269
13334
1333716
1335483
1335631
1335745
133925
1341013
1341118
1341120
1343556
1344552
134550
1347386
134813
1348235
1348508
1348611
1348911
1350
1354333
1354809
135575
1356488
1357
1358438
135858
136099
136491
1367968
13687
1370
1372
13724
1375
137583
1377992
1378
1379908
138
1380
1381133
1382931
1383070
1384499
1386
1389453
1392389
1392997
139331
1395974
1395977
1397106
1397107
1398404
1398560
1400055
1400058
1400059
1400060
1400062
1400133
1400134
1400386
1400827
1400859
1403538
1403714
140458
1406135
140625
1406885
1407056
1407607
1408194
1408818
1410680
141450
1418588
141948
1424614
1425377
142577
142587
1427149
1427172
1427376
1427378
142841
1431544
1431823
1432051
143222
1432311
1432324
1432326
1432328
1432330
1433300
1433402
1433986
1433987
1433989
1433992
1433993
1433995
1433996
1433997
1433998
1433999
1434000
1434001
1434002
1434004
1434005
1434006
1434008
1434009
1434010
1434011
1434013
1434014
1434015
1434018
1434019
1434021
1434022
1434023
1434024
1434025
1434028
1434029
1434032
1434034
1434037
1434038
1434042
1434043
1434044
1434045
1434046
1434048
1434049
1434050
1434702
1436289
1441942
1442082
1443590
1443919
1445504
1445609
1448928
1450140
145260
1453359
1453544
1454725
1454777
1458243
1458928
146
1462351
1462415
1462418
1462427
1465824
146784
146785
146805
146813
146825
146918
146935
146936
146937
1470349
1470353
1470540
1470577
1470623
147067
1471399
1472292
1472344
1472649
1472762
1472763
1473205
1476424
1477505
1481960
1484107
1484898
1485
1485594
1486724
1486725
1486726
1492710
1494427
1494561
1494913
1494958
1495038
1495041
1495649
1495768
149698
1499082
150022
1500514
150059
1501143
1501224
1501226
1501433
150203
1502180
150247
1502725
1502941
150333
1504576
1505231
1505652
1505657
1505660
1505663
1505664
1505768
1506553
1506577
150818
150830
1508451
1508537
1508657
1509243
151038
1511635
1511648
1511694
1511695
1511750
151754
1518147
1518149
1519373
1520333
152053
1521255
152161
152180
1522056
1522128
1522429
1522431
1522432
152267
1524214
1524217
1524249
1525371
153027
153232
153265
153497
1535192
1535207
1535231
1537406
154116
1541445
1541670
1541743
1541818
1541822
1542963
154346
1543703
1543704
1543705
1544982
1546255
1548510
1549126
1551504
155196
1553903
155493
1558474
155862
155977
1562
1562565
1564515
156454
1565313
1565532
156885
1569
156973
156993
157
157226
1572663
1572763
1572860
1573
1573534
1573535
1573536
1573806
1573808
157591
1577779
1578
157920
1579315
157932
1579476
1579505
1579506
1582879
158481
158483
158846
158848
158851
158876
159191
1593364
159345
1594166
159730
16
1602338
1602345
1604279
160433
160674
1606872
1607807
160794
160795
160798
160800
1608298
1608404
1608457
1609233
1609627
1609958
1611681
1612157
1612198
1612611
161492
1616789
1616833
1617805
1617886
1618113
162027
1620700
1621534
162171
162289
162290
162291
162491
1628153
162985
1631197
1632778
1632780
1634037
1635133
1635148
1637
1637257
1637744
1640153
1643951
1643958
1644057
1644102
164450
1645
1647
1647173
1647175
1647178
1647181
1647190
1648492
1648497
1648500
1648503
1648508
1648511
1648514
1648517
1649
1649279
1649292
1649295
1649298
1649317
1649453
1649454
1649455
1649457
1649459
1649461
1649463
1649465
1649466
1649468
1649470
1649474
1649476
1649478
1649479
1649480
1649481
1649482
1649483
1649485
1649486
1649488
1649489
1649490
1649493
1649495
1649499
1649501
1649503
1649506
1649508
1649510
1649511
1649512
1649513
1649514
1649642
1650335
1651
1652133
165301
1653174
1653176
1654
1654719
1654741
1654787
1654931
1655637
1656823
165695
165696
165697
165779
165812
1658781
1659686
1663
1663717
1664383
166484
166953
166974
167375
1676125
1676142
167639
1676651
1677050
1678
1678397
1679002
1679449
1680826
1682492
168470
1686313
1686374
168657
168658
168694
168808
1689250
168934
169055
169133
1692042
1696
1697027
1699066
1699619
1705353
1705729
1706036
170610
1707
1707752
171
171003
171163
1712422
171412
171413
171436
1715793
1715798
1716
171673
171868
172900
1729679
1730
1734465
173479
1734920
1738642
1738645
1738655
1738658
1739105
1740
1742974
1742977
1742983
1742986
1742989
1742990
1742991
1742992
1742993
1743
1744881
1745211
174708
1747770
1747777
174951
1751296
1751872
175304
1754
1755672
1755683
1755825
1755829
1755832
1758230
1759331
1759371
1759396
1759400
1759417
1760987
1762932
1763
1763508
1763521
1763531
1763546
1763552
1763555
1763827
1765682
1765964
1766253
1768185
1769008
1769012
1769710
1769713
1769718
1769729
1769735
1769746
1773450
177399
1774128
1774131
1774278
1774589
1775176
1775292
1775424
1775468
1775471
1775574
1775685
1775688
1775691
1775694
1775697
1775705
1775716
1777753
1778601
1778653
1779136
1779141
177971
1780122
1780190
1783488
178440
178469
1784836
178898
1789690
179
1792239
1792291
1792303
1794910
1795363
1795633
1795789
18
180162
1802983
1803399
1803512
1804663
1804994
180541
1808977
181069
1810868
1812918
1813
1813600
1813601
1817
1817584
1820337
1820341
1822002
1822461
1822464
182269
182402
1824856
1825023
182623
182639
1826864
1827
182709
1827195
1827277
1827307
1827478
182899
1829937
1833962
1835
1835332
183669
1839
1840207
1840214
1843185
1843210
1844015
1844498
1847
1847725
1848399
184869
1849
184923
1849530
1849551
1849718
1849822
1849828
1851
1851152
1853226
1854
1854458
1855362
1855363
1855364
1855365
1855405
1855413
1855416
1855419
1855714
1857011
1857014
1857532
1857932
1859128
1859129
1860
1860077
1860139
1860196
1861843
1861863
186188
186191
1862
1862153
186475
1865
186650
1866885
1866954
186829
186831
1868323
1868329
1868332
1869285
187
1870822
1870884
187144
1873
1874621
187492
1881091
188143
1882917
1883
1884429
1884449
1884792
1884922
1884930
1884934
188905
188907
188910
1890059
1890407
1891672
1891915
1892380
189326
189330
189384
1897649
1902578
1902583
1903173
190323
1903336
1903434
1903506
1903858
1904377
1905344
1905726
1906156
1906162
1906657
1906659
1906660
1906661
1906945
1907535
190818
190972
191
191028
1910924
1911312
1911549
1911556
1911565
1911566
1911573
1911577
1912215
1912216
1912217
1912503
1912771
191291
1912923
191301
191303
1913444
1913599
191373
1914026
1914030
1914234
1914244
1914248
1914252
1914260
1914449
191494
1915401
1915405
1915411
1915412
1916646
191767
191769
1918385
1918450
1918452
1918454
1918511
1918536
1918538
1918540
1918542
1918598
1918951
1919276
1920241
1920251
1920508
1921582
1921784
1922299
1923867
1923871
1924062
1924067
1924081
1924093
1924097
1924101
1924105
1924110
1926259
1926556
1926651
1926659
1926663
1926672
1926677
1927833
1928820
1929045
1929083
1929105
1929135
1929297
1929305
192987
192992
1930291
1930592
1930791
1930830
1930845
1930924
1930932
1930933
1931200
1933048
193383
1934947
1935176
1935184
1935188
1935192
1935200
1935206
193568
1935927
1936111
1937007
1937008
1937016
1937664
1937963
1937972
1937999
1938003
1938335
194
1940136
1940138
1940143
1940255
1940395
1940406
1940407
1940855
194195
1945592
1945896
1951300
1955413
1955420
1955421
195950
195964
1960084
196013
1960290
196078
196079
196080
196081
196082
196084
196118
196119
196136
1961799
1964366
1965226
1968878
1970191
1970195
1970620
1973274
1973275
1974209
1979191
1979385
1979843
1980038
1980513
1980514
1980675
1980680
1980681
1980685
1980689
1980693
1980697
1981028
1981033
1981050
198251
1987010
1987016
198705
1987748
1987749
1988
1988031
1993653
1995
1996557
1998
20
2000
200414
2004411
2004661
200473
2004797
2005
2005355
2005359
2005363
2005375
2005380
2005386
2005387
2005517
200670
200903
2010182
201096
2013
2014233
2016
2017546
2017961
2017975
2018663
2018671
2019
2019482
2022711
2022712
2023
2023266
2024199
2024958
2024965
2024975
2024982
2025617
2026172
2026179
2026349
202746
2027529
202771
2027874
2028344
2029
202907
202949
2029851
2029873
2029879
2031119
203133
203135
203193
2033601
2034
2034504
203470
2034765
203522
2035349
2035712
2035811
2036001
2036017
2036021
203697
2038
203804
2038244
2038280
2038697
2038733
2039220
2039236
2039240
2039302
2039639
2039723
2040
204037
2041017
2042066
2042653
204286
2042899
2044
204446
204447
204456
2044589
204474
204475
204476
2044848
2045060
2045213
2045304
2045416
204619
2047735
2047740
2047745
2047815
2048137
2049301
2050
2051044
2052989
2053
2055839
2055850
2055876
2055880
2056
2056239
2056689
2056696
2057233
2058169
2058174
205841
205889
2060
2060094
2060722
2060871
2063
206375
2066435
2066475
206664
2070443
2070447
2071
2071601
2071614
2071980
207244
207599
2077
2078575
2078948
2079189
208215
2082587
2083206
208447
2086
209
209260
2093
2093225
2093783
2094023
209879
2100210
2100211
2100760
2100764
2107589
2108438
2109263
2109346
211469
2115980
212347
2125981
2126002
2126006
2126281
2126330
2126544
2126548
212742
212743
212744
212790
212791
2129
2132
213223
213484
213485
2136116
2136117
2136118
2137249
2137425
2137577
2147
214904
214906
2152900
215579
215802
2160
2163168
2164137
216431
216851
2170427
2170555
217063
217140
217161
2172
2172004
2172100
2172823
2173039
2173855
2174441
2175
217510
2175151
2179
218204
218207
2183612
2184
219181
2192
2195
22
2201379
2201383
2202
2202177
2204
2204160
2207
221065
2211178
2211635
2211636
2211637
2211638
2211639
2211641
2212691
2212731
221279
221282
221285
222
2220
2222
2225
222991
2233
2233801
223385
2237
223785
223787
2239
224135
224455
224458
224459
224474
2249
2249306
2250122
2250589
2251
225143
225447
2256
225842
226
2260
2263
2268
2269381
2270
2273
227388
2276
227864
227873
2279
227979
2282523
2282740
2282741
2282742
2282743
2282756
2282761
228398
2284
2289
228972
2293313
2295
2299
2301194
2302
2303321
2303493
2303498
230355
2304687
2304691
2304692
2304693
230494
230666
2307008
2307285
2308
231052
2314
231454
2315418
2316
2316020
231683
2319
2320199
2321
2321111
2321113
2321115
232115
2321187
232244
232523
2330
233099
233189
233191
2335
2338561
234
2349
2351
235572
2357
235888
236052
236752
236756
2368
237
2370
2373
237444
2375
2383
238749
238783
239759
239934
240233
240236
240411
241189
241192
241421
2419833
2420
2422
2425
242605
2433
243627
244127
244364
244599
244698
2448024
244825
245186
245876
246263
246861
246873
246875
246876
2478349
248038
2480624
2483368
248744
2489210
2489367
2490204
2490452
2491136
2491977
2493629
2494209
2494213
2494551
249523
249529
2498454
2498709
2501796
2507545
2508948
2508983
2510710
2518495
2518497
252301
252306
252356
2527773
2529408
252965
253106
253183
253238
253255
254245
254250
2545692
2545693
2545700
2546365
2547964
255204
2562805
256319
2563777
2563783
2565776
256616
256730
256818
256846
2569097
2571159
2571160
2571199
2576755
2576890
257820
258255
2582836
2582840
2582955
258514
2590445
2590586
2590666
2591381
2593013
2593683
2596745
2597221
2597222
2597258
2599198
2599621
2599625
2600304
2601574
2601645
2601651
2601681
2603319
2603321
2603323
2603324
2603325
2605940
2607661
2608261
2608728
2608792
2610842
2613960
2614439
261684
261825
261827
261933
261963
262
262406
263066
263370
263377
263510
264147
264688
264995
265
2650549
2650923
2651279
2651578
2651583
2653226
2653802
265487
265488
265570
2656920
265718
265975
265976
265980
2661779
2661800
2661806
2661811
2661818
2661844
2661936
2662142
2662170
2662254
2662287
2662752
2663134
2663399
2665910
2666130
2666287
266808
2670333
2670346
267408
2675102
2675215
2675671
2676048
2676060
2676063
2676121
2676233
2676247
2676252
2676755
2676790
2676837
2676858
2678248
2678343
2678352
267849
2678529
2678534
2678539
2678884
2678885
2678886
2678887
267986
267989
2679892
2679899
2679910
2679998
2680004
2680018
2680019
2680020
2680021
2680022
2681298
2681566
268175
2682228
2682247
2682476
2683202
2683203
2683336
2683599
268408
2685905
2685927
2689587
2689588
2689589
2689590
2689591
2690159
2690160
2691417
2692113
2692118
2692382
2692417
269258
269260
2694839
2696673
2697
269773
2698688
2698753
2698819
2699245
2699295
270
2700084
2701
2703676
2703677
2703814
2703874
2703944
270497
2705385
2705399
2705406
2705466
2706000
2706524
2706529
2706948
2707015
2707020
2707768
2709666
2709671
2709685
2709686
271087
2710870
2710873
271159
2712271
2712688
2713
2713642
2714592
2714594
2714737
2714751
2715289
2715734
2716544
2717
2717089
2717325
2717331
2717339
2717700
2718525
2718863
2719231
2719313
2723
2723776
2726810
2729624
2730923
273135
2731402
2731450
2732160
2732368
2732587
2733
2735
2737
2738399
2739835
2740
2740557
2740558
2740719
2742
2743582
274470
2745
274591
2747
2747271
2748674
2753
2755
278993
279
28033
280472
28048
28050
28063
28065
28067
28070
28073
28100
28105
281119
28138
281472
28186
281915
28194
28196
28209
282132
28219
282198
28222
28228
28231
28233
28236
28250
28253
28261
28263
282682
283
283168
283735
283785
283810
283821
28443
28453
285105
285107
286
286104
286130
286729
286800
286801
288018
288021
288793
28884
28895
28905
289201
289239
289244
290174
290180
290425
290731
291178
291183
291967
291988
292480
292486
292632
292635
292636
292637
292691
292713
292833
29287
29298
293088
293136
29330
29331
293431
29393
29395
29404
29407
29417
29465
294702
29487
29521
29526
295418
29548
295577
295595
29574
29580
296014
296051
299261
299566
299568
300264
300418
302485
303379
305899
305976
306539
307628
308865
309512
311181
311207
311411
312063
312278
314318
314343
315422
316612
316625
317661
318147
319458
31980
31983
31988
32
32008
32012
32014
320496
32067
32068
320933
321315
32199
32205
32207
32257
323413
323449
323620
326319
32636
327159
329162
329857
33001
33024
33042
33055
33057
33071
33073
331525
331654
331971
332100
332102
332157
332162
332246
332248
332518
332951
334107
334108
334767
334857
335058
335405
335927
336260
336276
336277
336803
336809
336827
336830
337004
337670
338
338191
338321
33870
33874
33877
33882
33886
33926
33951
33969
339721
33973
33976
33981
33983
33986
33993
34000
340070
34008
340096
34016
34019
34023
34037
34067
34072
34084
34093
34096
34098
34100
34102
34104
342658
342943
344063
346096
347533
348581
349
349312
349742
351094
351195
352
352449
352450
353799
354203
354349
354354
355929
356797
357
35750
35753
35796
35798
35800
358023
35810
35812
35823
35829
35832
35836
35838
359169
359336
359337
359407
360239
360528
360731
361050
361106
361177
361607
362865
363276
363408
364031
364316
364409
365032
365348
365532
366580
366614
367188
367298
36739
367771
36853
36862
368783
369400
369926
370735
373053
373984
374
375288
375673
375928
376170
376469
376488
377315
37817
378210
379
379065
379068
379070
379072
379074
37914
37924
379546
379899
380240
380738
381430
382513
383614
38501
387095
387342
387658
388463
389486
390250
390805
390846
390876
390988
391952
392332
392733
392735
392825
393005
393029
393277
393661
393764
394505
395331
396388
39643
396811
397268
397275
397456
39773
397864
398041
39840
39845
399320
39948
40
400060
400634
400657
400947
40118
40136
401469
401618
402170
40222
402649
40323
404
40413
404235
404432
40544
405552
40566
406099
407
407217
40751
40840
409304
411566
41201
412033
412592
41273
41275
413
413435
413496
414051
414371
414715
414878
415014
416
416212
41674
416916
416949
41707
417127
417293
418098
418453
418700
419014
41949
41980
42
420345
42054
420644
422440
42255
423349
423604
42417
42447
425
427077
427753
427922
427925
42837
428711
429
429014
431394
432330
43356
433838
433923
434
435913
436357
43668
43673
43676
437504
437506
43773
43927
43947
439698
43988
43994
43996
44
44000
44011
44013
441
442430
44249
442527
44258
44259
44260
44261
444051
444052
444090
444432
444459
444513
444599
44471
44474
445
445219
445670
446458
446680
44675
447020
447237
447467
44747
44748
447678
447792
448125
448176
44937
449972
451373
451512
45247
453161
453229
453849
453850
45402
454159
455076
455358
455433
456492
45654
45662
45667
45669
456826
457933
458032
458839
459520
459532
459786
45989
460073
461
46123
46200
46205
46238
46239
46254
46255
46352
46466
46468
465
466108
466152
46631
467084
46769
467749
469
46913
469322
47
47054
471798
471824
471826
472054
472058
47251
472568
472825
47420
475
475087
475794
475960
475961
475965
475966
476278
476528
47670
477695
478070
48001
48073
48075
481445
482
482135
482136
482460
482629
483422
484508
48463
485576
48736
488937
489140
489909
490567
49082
490828
49184
492233
49277
49279
495819
496496
497
497721
497726
497742
498374
498845
49894
499
499228
499551
50
50056
500577
500614
501022
501783
503005
504090
504465
504481
507
50709
50714
507753
508459
510690
510701
511434
511678
511745
51194
51196
51228
512381
513557
51366
51514
515417
516086
51668
517
518733
518753
518755
519422
519427
522
52225
52605
52607
526215
527198
52784
528
52959
52972
529881
529883
53
532
53244
53246
53318
53328
53335
53355
53357
53365
53370
53387
53392
53402
53416
53452
53456
53457
53460
535
53572
53634
538
53945
54066
541
54247
54251
54253
54258
54260
54293
54298
54304
54312
543311
544
545865
547
55
55079
55080
551
551208
551759
551771
553372
55506
555078
556178
556257
559173
559293
55968
56054
561
56106
56112
561367
561442
561554
561555
56358
56433
565005
56635
56688
568
568214
568394
568400
568987
568988
56999
570
570266
57039
572511
573139
573657
574347
574559
574697
57479
57488
574891
574892
574899
57493
57494
57495
57499
576341
57665
577309
577310
57739
577469
579
580024
580374
58050
580596
580880
581
58108
58113
58122
582472
582491
583
583360
585890
586
58842
588605
59
590
591374
59195
59282
59613
596495
596499
596707
596767
59732
59734
59735
59738
59739
59740
59753
599651
599652
599653
6
600332
60136
60846
608658
60892
60919
610116
61170
613
613121
61434
61593
61653
620
62100
622681
623276
623282
626
62608
626119
629
630723
630749
63132
633130
633405
633413
635
637
63742
63743
638847
63958
64
64001
64159
642
643217
64322
643701
643949
643951
644355
644652
647744
647960
648799
648800
648802
64895
649460
649461
649462
64968
650341
65047
65097
651456
651553
651554
651660
653683
653686
65402
65496
65502
655184
655352
65551
656899
657
658061
658623
659427
659428
659693
660063
660514
660628
661182
662
662756
662758
663242
665568
665874
666508
667112
667113
66831
66848
66862
669357
669368
670486
670516
673534
674734
674963
67572
67575
68
68034
682522
68287
68288
68335
683756
685950
688241
68903
689697
689760
690086
690565
69278
693074
693222
69474
69578
695982
695999
69655
696745
697025
697279
697331
698776
69894
69959
69961
69965
700450
700595
702
704093
70411
70774
70992
70994
71
71151
713
715222
71655
71666
718013
72021
72173
724
72763
73029
73778
73918
74030
74032
741759
74317
743714
74385
744724
745
745153
745364
745410
747074
747294
748770
74968
75
752201
75309
754249
75654
75683
75687
75905
759360
75984
76008
76023
762296
762551
762641
763439
765413
76632
76634
767528
767891
768
76831
76833
768650
768669
76886
76890
77021
773
776
77674
780
78119
79206
79328
795750
79598
79603
80865
81
810
81411
81416
81461
81463
81466
816
81682
81894
82202
82345
82373
82800
82802
82976
82978
82980
82982
82984
82986
830
832
83400
83461
83551
836
83612
83614
83618
83654
83660
83677
83681
83764
83766
83768
83770
838
83867
84034
841
84108
84111
84162
843
84404
84406
84565
84567
84593
846
84646
84756
848
85
85043
85072
85073
85074
85076
85079
85108
85265
85273
85274
85413
857334
85924
86004
861913
861914
862
862071
862261
863253
86331
864
866
866673
86671
86795
869
869806
869896
87171
871740
872
873565
875170
88
881023
88138
881616
882045
882379
88358
884214
885864
886360
88723
889388
890
89092
893
89404
89523
89583
896
898
89958
89966
90243
90372
904
904708
906
907197
907202
907364
908251
908284
908623
908626
908935
909656
90974
909928
909931
911
911113
914
91559
919
91914
926359
92793
92944
929509
929812
93
93171
93217
933
93368
935200
936
93681
93682
937253
939
94008
940550
940557
941338
943
944321
945733
946234
947525
947567
953
958
96
963
96492
965
970
97050
978
983507
98443
984996
985001
986106
987053
99
990721
991903
992
99479
995014
995729
99593
996924
998014
99906
999506
